                   celldm(1) = 6.4628633460 ,
                   celldm(3) = 5.8479532164 ,
