                   celldm(1) = 6.8710441889 ,
                   celldm(3) = 5.5005500550,
