                   celldm(1) = 6.3249133389 ,
                   celldm(3) = 5.9755004482 ,
