                   celldm(1) = 6.8729339150 ,
                   celldm(3) = 5.4990376684 ,
