                   celldm(1) = 7.4511901092 ,
                   celldm(3) = 5.0722799899 ,
